#created by ...
#main
20932152
20932152
20932152
63977008
63977008
63977008
09742784
09742784
09742784
15310033
36643046
36643046
23571046
23571046
23571046
92676637
92676637
92676637
03657444
03657444
03657444
53855409
53855409
97268402
97268402
96363153
96363153
96363153
96363153
96363153
63995093
63995093
63995093
32441317
32441317
32807846
02295440
12580477
81439173
70368879
74519184
74519184
#extra
50091196
50091196
55863245
90953320
60800381
37675907
0286392
59771339
18013090
44508094
02322421
80666118
74860293
24696097
35952884
!side
